100000.060561487
100000.002025579
99999.981957404
99999.9697544182
99999.9597119781
99999.9506499654
99999.9422115271
99999.934252535
99999.926704568
99999.9195324487
99999.9127174441
99999.9062494576
99999.9001230814
99999.8943355229
99999.8888854867
99999.8837725532
99999.8789968193
99999.8745586821
99999.8704587043
99999.8666975279
99999.8632758187
99999.8601942294
99999.8574533771
99999.8550538274
99999.8529960855
99999.8512805901
99999.8499077099
99999.8488777415
99999.8481909086
99999.847847371
