865.669173927051
382.476658596282
188.822402958514
101.70305211643
57.816265747777
33.9612422256102
20.3999569637182
12.4720200624195
7.73333805897225
4.84145316742227
3.04362430331921
1.91047073111672
1.19105496272958
0.734116735336572
0.445561455967875
0.265339744879071
0.154510117124834
0.0876666069420911
0.0482776944245919
0.0256890513946464
0.0131374832537887
0.00641470001645782
0.0029657099197831
0.00128437731658855
0.000513609620952187
0.000185922229506082
5.91963917134349e-05
1.58556770155709e-05
3.31182835090234e-06
4.86399504601762e-07
