167.606699432835
236.724849366604
286.643486404988
312.723278650148
326.440350759957
334.000214135182
338.280588750765
340.754137391943
342.215130426128
343.097546470872
343.641420998549
343.98193414248
344.197124692771
344.333453414809
344.41948647396
344.473277859593
344.506452773991
344.526561340314
344.538505804409
344.545442949389
344.549376881265
344.551556248527
344.552740392514
344.553377823887
344.553724354684
344.553919866656
344.554037016384
344.554111288779
344.554160376698
344.554222465932
