320.865393677349
312.091706832997
306.596426922064
304.023854234309
302.735701922265
302.046904421986
301.665760899493
301.449351526043
301.32314348866
301.247599377218
301.201337720171
301.17250597719
301.154340954458
301.14285343181
301.135609136748
301.131078586693
301.128281052333
301.126581347433
301.125567674697
301.124975084566
301.124635440556
301.124443973295
301.124336957187
301.124276744051
301.124241857533
301.124220554028
301.124206735231
301.124197421006
301.124191049149
301.12418301257
