298.228054198581
298.207917788478
298.186333032429
298.175269624655
298.169721122535
298.166827325722
298.165275414228
298.164419761735
298.163932700284
298.163646466189
298.163473347024
298.163366104405
298.163298458962
298.163255270835
298.163227497292
298.163209556852
298.163197916826
298.163190307667
298.16318526371
298.16318184263
298.163179445579
298.163177698352
298.163176372545
298.163175332722
298.163174500824
298.163173821221
298.163172995473
298.163166586104
298.163057039015
298.161310259523
