0.011021229692942
0.00311181408303286
0.00106961818897813
0.000477677364145333
0.000247736032830697
0.000138741986645689
8.11846602147188e-05
4.88918928714695e-05
3.00433020260935e-05
1.87047427038821e-05
1.17192466257591e-05
7.34172941785116e-06
4.57260543810157e-06
2.81756838437949e-06
1.71049158373888e-06
1.01929476449965e-06
5.94148584072096e-07
3.37570219865318e-07
1.86221728506233e-07
9.93060589973854e-08
5.09238927635007e-08
2.49505892500348e-08
1.15866617562461e-08
5.04733750101879e-09
2.03451853206041e-09
7.44847779936287e-10
2.41207626509676e-10
6.64077554596339e-11
1.45930703085736e-11
2.46802083869718e-12
